%YAML:1.0
R: !!opencv-matrix
   rows: 3
   cols: 1
   dt: d
   data: [ -0.03437,   -0.00913,  0.03835 ]
T: !!opencv-matrix
   rows: 3
   cols: 1
   dt: d
   data: [ -70.98053,   -0.62366,  -3.29854 ]
R1: !!opencv-matrix
   rows: 3
   cols: 3
   dt: d
   data: [ 4.7732806602256272e-001, 4.9113175528307240e-001,
       -7.2866145523125359e-001, -4.7560159742140162e-001,
       8.4166422067698166e-001, 2.5574295720981238e-001,
       7.3889176333030726e-001, 2.2447926092353648e-001,
       6.3533300205313725e-001 ]
R2: !!opencv-matrix
   rows: 3
   cols: 3
   dt: d
   data: [ 4.9561856612376803e-001, 4.5882846252650900e-001,
       -7.3745418765437898e-001, -4.7423750050316327e-001,
       8.5429138721811593e-001, 2.1280276981622931e-001,
       7.2764072867723140e-001, 2.4425942704531753e-001,
       6.4099633561320823e-001 ]
P1: !!opencv-matrix
   rows: 3
   cols: 4
   dt: d
   data: [ -5.4823521299733886e+002, 0., 1.3174011116027832e+003, 0., 0.,
       -5.4823521299733886e+002, -1.0687136656045914e+002, 0., 0., 0.,
       1., 0. ]
P2: !!opencv-matrix
   rows: 3
   cols: 4
   dt: d
   data: [ -5.4823521299733886e+002, 0., 1.3174011116027832e+003,
       1.5386662081431682e+003, 0., -5.4823521299733886e+002,
       -1.0687136656045914e+002, 0., 0., 0., 1., 0. ]
Q: !!opencv-matrix
   rows: 4
   cols: 4
   dt: d
   data: [ 1., 0., 0., -1.3174011116027832e+003, 0., 1., 0.,
       1.0687136656045914e+002, 0., 0., 0., -5.4823521299733886e+002, 0.,
       0., 3.5630548724335614e-001, 0. ]
