% Intrinsic and Extrinsic Camera Parameters
%
% This script file can be directly executed under Matlab to recover the camera intrinsic and extrinsic parameters.
% IMPORTANT: This file contains neither the structure of the calibration objects nor the image coordinates of the calibration points.
%            All those complementary variables are saved in the complete matlab data file Calib_Results.mat.
% For more information regarding the calibration model visit http://www.vision.caltech.edu/bouguetj/calib_doc/


%-- Focal length:
fc = [ 371.079960446340580 ; 371.781062848873490 ];

%-- Principal point:
cc = [ 163.088208497636740 ; 127.924597883045950 ];

%-- Skew coefficient:
alpha_c = 0.000000000000000;

%-- Distortion coefficients:
kc = [ 0.017702999063054 ; -0.201423970104310 ; 0.003391747277319 ; -0.002802115073703 ; 0.000000000000000 ];

%-- Focal length uncertainty:
fc_error = [ 1.476452408760623 ; 1.497428577001041 ];

%-- Principal point uncertainty:
cc_error = [ 1.962785415021053 ; 1.595304573440409 ];

%-- Skew coefficient uncertainty:
alpha_c_error = 0.000000000000000;

%-- Distortion coefficients uncertainty:
kc_error = [ 0.014298325036064 ; 0.059164764045562 ; 0.001357785785022 ; 0.001739288744516 ; 0.000000000000000 ];

%-- Image size:
nx = 320;
ny = 240;


%-- Various other variables (may be ignored if you do not use the Matlab Calibration Toolbox):
%-- Those variables are used to control which intrinsic parameters should be optimized

n_ima = 24;						% Number of calibration images
est_fc = [ 1 ; 1 ];					% Estimation indicator of the two focal variables
est_aspect_ratio = 1;				% Estimation indicator of the aspect ratio fc(2)/fc(1)
center_optim = 1;					% Estimation indicator of the principal point
est_alpha = 0;						% Estimation indicator of the skew coefficient
est_dist = [ 1 ; 1 ; 1 ; 1 ; 0 ];	% Estimation indicator of the distortion coefficients


%-- Extrinsic parameters:
%-- The rotation (omc_kk) and the translation (Tc_kk) vectors for every calibration image and their uncertainties

%-- Image #1:
omc_1 = [ -2.166156e+00 ; -2.200443e+00 ; 2.873202e-02 ];
Tc_1  = [ -8.308481e+01 ; -1.109656e+02 ; 4.318482e+02 ];
omc_error_1 = [ 4.699745e-03 ; 5.082993e-03 ; 1.068481e-02 ];
Tc_error_1  = [ 2.311329e+00 ; 1.865274e+00 ; 2.077184e+00 ];

%-- Image #2:
omc_2 = [ -2.159789e+00 ; -2.152415e+00 ; 7.776652e-03 ];
Tc_2  = [ -5.800620e+01 ; -1.536676e+02 ; 4.927180e+02 ];
omc_error_2 = [ 6.030102e-03 ; 6.184170e-03 ; 1.261281e-02 ];
Tc_error_2  = [ 2.661346e+00 ; 2.130516e+00 ; 2.445623e+00 ];

%-- Image #3:
omc_3 = [ -2.221438e+00 ; -2.182619e+00 ; -6.840018e-02 ];
Tc_3  = [ -1.200140e+02 ; -1.530846e+02 ; 4.929156e+02 ];
omc_error_3 = [ 6.428559e-03 ; 5.765693e-03 ; 1.341372e-02 ];
Tc_error_3  = [ 2.665686e+00 ; 2.147582e+00 ; 2.587071e+00 ];

%-- Image #4:
omc_4 = [ 2.213554e+00 ; 2.219038e+00 ; 5.233742e-02 ];
Tc_4  = [ -1.227806e+02 ; -8.770115e+01 ; 5.248126e+02 ];
omc_error_4 = [ 6.672640e-03 ; 6.544694e-03 ; 1.455147e-02 ];
Tc_error_4  = [ 2.803917e+00 ; 2.280945e+00 ; 2.696560e+00 ];

%-- Image #5:
omc_5 = [ -2.052257e+00 ; -1.942357e+00 ; -2.665827e-01 ];
Tc_5  = [ -8.286823e+01 ; -6.306498e+01 ; 4.289952e+02 ];
omc_error_5 = [ 3.609547e-03 ; 4.791353e-03 ; 8.767174e-03 ];
Tc_error_5  = [ 2.284805e+00 ; 1.849993e+00 ; 2.021351e+00 ];

%-- Image #6:
omc_6 = [ -1.946983e+00 ; -1.894636e+00 ; -3.779484e-01 ];
Tc_6  = [ -7.864150e+01 ; -1.436699e+02 ; 4.545641e+02 ];
omc_error_6 = [ 4.149241e-03 ; 4.955876e-03 ; 8.716317e-03 ];
Tc_error_6  = [ 2.476547e+00 ; 1.999646e+00 ; 2.270426e+00 ];

%-- Image #7:
omc_7 = [ 2.209910e+00 ; 2.059658e+00 ; -2.612367e-01 ];
Tc_7  = [ -8.604326e+01 ; -7.437673e+01 ; 5.487723e+02 ];
omc_error_7 = [ 6.082969e-03 ; 5.586078e-03 ; 1.226851e-02 ];
Tc_error_7  = [ 2.899951e+00 ; 2.339203e+00 ; 2.509863e+00 ];

%-- Image #8:
omc_8 = [ 2.579082e+00 ; 1.763744e+00 ; -5.426994e-02 ];
Tc_8  = [ -1.230693e+02 ; -5.830154e+01 ; 5.141407e+02 ];
omc_error_8 = [ 7.009853e-03 ; 4.812917e-03 ; 1.381154e-02 ];
Tc_error_8  = [ 2.737204e+00 ; 2.214277e+00 ; 2.548387e+00 ];

%-- Image #9:
omc_9 = [ -1.733277e+00 ; -2.577416e+00 ; 5.369905e-02 ];
Tc_9  = [ -4.546503e+01 ; -1.486769e+02 ; 5.085435e+02 ];
omc_error_9 = [ 5.057264e-03 ; 7.450488e-03 ; 1.286421e-02 ];
Tc_error_9  = [ 2.717840e+00 ; 2.193654e+00 ; 2.471838e+00 ];

%-- Image #10:
omc_10 = [ -1.908868e+00 ; -1.868198e+00 ; -5.118434e-01 ];
Tc_10  = [ -9.048375e+01 ; -1.378057e+02 ; 4.443464e+02 ];
omc_error_10 = [ 3.841707e-03 ; 4.784610e-03 ; 8.200448e-03 ];
Tc_error_10  = [ 2.423589e+00 ; 1.954983e+00 ; 2.269906e+00 ];

%-- Image #11:
omc_11 = [ 1.872735e+00 ; 2.130613e+00 ; -8.842481e-01 ];
Tc_11  = [ -5.731046e+01 ; -1.148435e+02 ; 5.449288e+02 ];
omc_error_11 = [ 3.230890e-03 ; 4.962068e-03 ; 8.075931e-03 ];
Tc_error_11  = [ 2.903273e+00 ; 2.322101e+00 ; 2.010346e+00 ];

%-- Image #12:
omc_12 = [ 1.945491e+00 ; 1.320976e+00 ; -2.617365e-01 ];
Tc_12  = [ -1.110771e+02 ; -6.387620e+01 ; 4.624008e+02 ];
omc_error_12 = [ 4.117264e-03 ; 4.088887e-03 ; 6.363125e-03 ];
Tc_error_12  = [ 2.453088e+00 ; 1.975743e+00 ; 2.111780e+00 ];

%-- Image #13:
omc_13 = [ -1.889581e+00 ; -1.976791e+00 ; 1.122811e+00 ];
Tc_13  = [ -1.768734e+01 ; -9.495481e+01 ; 5.894549e+02 ];
omc_error_13 = [ 5.616211e-03 ; 3.441451e-03 ; 7.462599e-03 ];
Tc_error_13  = [ 3.140822e+00 ; 2.510304e+00 ; 2.001460e+00 ];

%-- Image #14:
omc_14 = [ 1.826041e+00 ; 1.887814e+00 ; 6.300768e-01 ];
Tc_14  = [ -1.167101e+02 ; -1.245360e+02 ; 4.955773e+02 ];
omc_error_14 = [ 4.711455e-03 ; 4.514925e-03 ; 7.714087e-03 ];
Tc_error_14  = [ 2.715831e+00 ; 2.153102e+00 ; 2.653731e+00 ];

%-- Image #15:
omc_15 = [ -1.909628e+00 ; -1.977428e+00 ; 6.331468e-01 ];
Tc_15  = [ 8.598813e+00 ; -1.315035e+02 ; 6.781632e+02 ];
omc_error_15 = [ 5.607162e-03 ; 5.245960e-03 ; 1.027138e-02 ];
Tc_error_15  = [ 3.633992e+00 ; 2.891393e+00 ; 2.627933e+00 ];

%-- Image #16:
omc_16 = [ 1.884367e+00 ; 2.173434e+00 ; -1.017362e+00 ];
Tc_16  = [ -5.499820e+01 ; -1.155923e+02 ; 5.363687e+02 ];
omc_error_16 = [ 3.077629e-03 ; 5.012311e-03 ; 8.070571e-03 ];
Tc_error_16  = [ 2.862551e+00 ; 2.287056e+00 ; 1.920101e+00 ];

%-- Image #17:
omc_17 = [ -1.824354e+00 ; -1.811669e+00 ; -1.231561e-01 ];
Tc_17  = [ -9.934995e+01 ; -1.312978e+02 ; 4.481313e+02 ];
omc_error_17 = [ 3.802810e-03 ; 4.394331e-03 ; 7.519160e-03 ];
Tc_error_17  = [ 2.414434e+00 ; 1.943611e+00 ; 2.096773e+00 ];

%-- Image #18:
omc_18 = [ -1.834378e+00 ; -1.830973e+00 ; -2.170821e-01 ];
Tc_18  = [ -1.069962e+02 ; -9.995164e+01 ; 4.403180e+02 ];
omc_error_18 = [ 3.590631e-03 ; 4.516610e-03 ; 7.502357e-03 ];
Tc_error_18  = [ 2.351352e+00 ; 1.905578e+00 ; 2.078363e+00 ];

%-- Image #19:
omc_19 = [ 2.142245e+00 ; 1.794714e+00 ; 5.242840e-01 ];
Tc_19  = [ -9.967880e+01 ; -9.729097e+01 ; 4.418992e+02 ];
omc_error_19 = [ 4.952270e-03 ; 3.840274e-03 ; 8.181819e-03 ];
Tc_error_19  = [ 2.405926e+00 ; 1.908805e+00 ; 2.321413e+00 ];

%-- Image #20:
omc_20 = [ 1.942921e+00 ; 1.577744e+00 ; 7.046083e-01 ];
Tc_20  = [ -7.137071e+01 ; -1.001425e+02 ; 4.321007e+02 ];
omc_error_20 = [ 4.851424e-03 ; 3.797128e-03 ; 6.736398e-03 ];
Tc_error_20  = [ 2.340931e+00 ; 1.856533e+00 ; 2.297424e+00 ];

%-- Image #21:
omc_21 = [ -2.249733e+00 ; -2.162287e+00 ; -1.635098e-01 ];
Tc_21  = [ -8.638509e+01 ; -1.171448e+02 ; 4.142397e+02 ];
omc_error_21 = [ 4.630478e-03 ; 4.882911e-03 ; 1.031537e-02 ];
Tc_error_21  = [ 2.241861e+00 ; 1.801227e+00 ; 2.063517e+00 ];

%-- Image #22:
omc_22 = [ -2.154893e+00 ; -2.212423e+00 ; -7.194146e-02 ];
Tc_22  = [ -9.098901e+01 ; -1.241433e+02 ; 4.202077e+02 ];
omc_error_22 = [ 4.690265e-03 ; 5.015598e-03 ; 1.049222e-02 ];
Tc_error_22  = [ 2.266451e+00 ; 1.829988e+00 ; 2.087836e+00 ];

%-- Image #23:
omc_23 = [ -2.595583e+00 ; -1.680677e+00 ; -1.659965e-01 ];
Tc_23  = [ -9.439323e+01 ; -6.405326e+01 ; 4.979861e+02 ];
omc_error_23 = [ 6.223867e-03 ; 4.900558e-03 ; 1.252091e-02 ];
Tc_error_23  = [ 2.670424e+00 ; 2.147537e+00 ; 2.509423e+00 ];

%-- Image #24:
