%YAML:1.0
M1: !!opencv-matrix
   rows: 3
   cols: 3
   dt: d
   data: [ 371.07996, 0.,        163.08821,
           0.,        371.78106, 127.92460,
           0.,        0.,        1. ]
D1: !!opencv-matrix
   rows: 1
   cols: 5
   dt: d
   data: [ 0.01770,   -0.20142,   0.00339,   -0.00280,  0. ]
M2: !!opencv-matrix
   rows: 3
   cols: 3
   dt: d
   data: [ 368.54002, 0.,        167.75432,
           0.,        369.27922, 132.49457,
           0.,        0.,        1. ]
D2: !!opencv-matrix
   rows: 1
   cols: 5
   dt: d
   data: [ 0.01087,   -0.23248,   -0.00299,   -0.00662,  0. ]
