% Intrinsic and Extrinsic Camera Parameters
%
% This script file can be directly executed under Matlab to recover the camera intrinsic and extrinsic parameters.
% IMPORTANT: This file contains neither the structure of the calibration objects nor the image coordinates of the calibration points.
%            All those complementary variables are saved in the complete matlab data file Calib_Results.mat.
% For more information regarding the calibration model visit http://www.vision.caltech.edu/bouguetj/calib_doc/


%-- Focal length:
fc = [ 368.540021092975510 ; 369.279221340648630 ];

%-- Principal point:
cc = [ 167.754322212255090 ; 132.494566106430110 ];

%-- Skew coefficient:
alpha_c = 0.000000000000000;

%-- Distortion coefficients:
kc = [ 0.010871543424678 ; -0.232476431795061 ; -0.002993260066814 ; -0.006623170043438 ; 0.000000000000000 ];

%-- Focal length uncertainty:
fc_error = [ 1.507772912972219 ; 1.517713221405526 ];

%-- Principal point uncertainty:
cc_error = [ 2.046743454965055 ; 1.647516257018843 ];

%-- Skew coefficient uncertainty:
alpha_c_error = 0.000000000000000;

%-- Distortion coefficients uncertainty:
kc_error = [ 0.015043207130855 ; 0.056196377087085 ; 0.001286776400142 ; 0.001950738385152 ; 0.000000000000000 ];

%-- Image size:
nx = 320;
ny = 240;


%-- Various other variables (may be ignored if you do not use the Matlab Calibration Toolbox):
%-- Those variables are used to control which intrinsic parameters should be optimized

n_ima = 24;						% Number of calibration images
est_fc = [ 1 ; 1 ];					% Estimation indicator of the two focal variables
est_aspect_ratio = 1;				% Estimation indicator of the aspect ratio fc(2)/fc(1)
center_optim = 1;					% Estimation indicator of the principal point
est_alpha = 0;						% Estimation indicator of the skew coefficient
est_dist = [ 1 ; 1 ; 1 ; 1 ; 0 ];	% Estimation indicator of the distortion coefficients


%-- Extrinsic parameters:
%-- The rotation (omc_kk) and the translation (Tc_kk) vectors for every calibration image and their uncertainties

%-- Image #1:
omc_1 = [ 2.221258e+00 ; 2.213757e+00 ; -1.371714e-02 ];
Tc_1  = [ -1.754732e+02 ; -9.340190e+01 ; 4.350496e+02 ];
omc_error_1 = [ 4.689415e-03 ; 5.236985e-03 ; 1.078559e-02 ];
Tc_error_1  = [ 2.438606e+00 ; 1.991254e+00 ; 2.250375e+00 ];

%-- Image #2:
omc_2 = [ -2.218321e+00 ; -2.172000e+00 ; -8.797326e-03 ];
Tc_2  = [ -1.542733e+02 ; -1.346556e+02 ; 4.996423e+02 ];
omc_error_2 = [ 6.414116e-03 ; 5.511322e-03 ; 1.308990e-02 ];
Tc_error_2  = [ 2.815629e+00 ; 2.267073e+00 ; 2.562830e+00 ];

%-- Image #3:
omc_3 = [ 2.236215e+00 ; 2.159600e+00 ; 8.550420e-02 ];
Tc_3  = [ -2.163669e+02 ; -1.328121e+02 ; 4.971746e+02 ];
omc_error_3 = [ 5.334155e-03 ; 6.638638e-03 ; 1.341541e-02 ];
Tc_error_3  = [ 2.811905e+00 ; 2.298728e+00 ; 2.733294e+00 ];

%-- Image #4:
omc_4 = [ 2.187905e+00 ; 2.153131e+00 ; 6.554679e-02 ];
Tc_4  = [ -2.197738e+02 ; -6.620053e+01 ; 5.280803e+02 ];
omc_error_4 = [ 6.507035e-03 ; 7.219498e-03 ; 1.429093e-02 ];
Tc_error_4  = [ 2.960123e+00 ; 2.432120e+00 ; 2.832938e+00 ];

%-- Image #5:
omc_5 = [ -2.105145e+00 ; -1.970958e+00 ; -2.872146e-01 ];
Tc_5  = [ -1.743185e+02 ; -4.533053e+01 ; 4.335084e+02 ];
omc_error_5 = [ 4.280396e-03 ; 4.894845e-03 ; 8.922942e-03 ];
Tc_error_5  = [ 2.417442e+00 ; 1.992746e+00 ; 2.241456e+00 ];

%-- Image #6:
omc_6 = [ -1.993951e+00 ; -1.923026e+00 ; -4.043021e-01 ];
Tc_6  = [ -1.727151e+02 ; -1.253254e+02 ; 4.541029e+02 ];
omc_error_6 = [ 4.533969e-03 ; 4.788017e-03 ; 8.965253e-03 ];
Tc_error_6  = [ 2.575980e+00 ; 2.102396e+00 ; 2.440285e+00 ];

%-- Image #7:
omc_7 = [ 2.199834e+00 ; 2.000567e+00 ; -2.370555e-01 ];
Tc_7  = [ -1.831045e+02 ; -5.301421e+01 ; 5.450941e+02 ];
omc_error_7 = [ 5.554008e-03 ; 5.880133e-03 ; 1.188397e-02 ];
Tc_error_7  = [ 3.026584e+00 ; 2.459762e+00 ; 2.602234e+00 ];

%-- Image #8:
omc_8 = [ 2.555761e+00 ; 1.710649e+00 ; -1.513269e-02 ];
Tc_8  = [ -2.180416e+02 ; -3.785927e+01 ; 5.081801e+02 ];
omc_error_8 = [ 6.408416e-03 ; 5.320407e-03 ; 1.337666e-02 ];
Tc_error_8  = [ 2.844429e+00 ; 2.325808e+00 ; 2.655226e+00 ];

%-- Image #9:
omc_9 = [ 1.762775e+00 ; 2.568113e+00 ; -6.368007e-02 ];
Tc_9  = [ -1.423464e+02 ; -1.285397e+02 ; 5.101750e+02 ];
omc_error_9 = [ 4.650623e-03 ; 7.252048e-03 ; 1.230081e-02 ];
Tc_error_9  = [ 2.848433e+00 ; 2.306224e+00 ; 2.552341e+00 ];

%-- Image #10:
omc_10 = [ -1.954729e+00 ; -1.901201e+00 ; -5.414725e-01 ];
Tc_10  = [ -1.831795e+02 ; -1.197743e+02 ; 4.412002e+02 ];
omc_error_10 = [ 4.278094e-03 ; 4.734171e-03 ; 8.626922e-03 ];
Tc_error_10  = [ 2.507233e+00 ; 2.054706e+00 ; 2.453295e+00 ];

%-- Image #11:
omc_11 = [ 1.882636e+00 ; 2.061480e+00 ; -8.665250e-01 ];
Tc_11  = [ -1.543756e+02 ; -9.388630e+01 ; 5.422842e+02 ];
omc_error_11 = [ 2.868957e-03 ; 5.210408e-03 ; 8.059147e-03 ];
Tc_error_11  = [ 3.014020e+00 ; 2.446773e+00 ; 2.205390e+00 ];

%-- Image #12:
omc_12 = [ 1.926850e+00 ; 1.260651e+00 ; -2.435002e-01 ];
Tc_12  = [ -2.031251e+02 ; -4.482080e+01 ; 4.557582e+02 ];
omc_error_12 = [ 4.042000e-03 ; 4.364513e-03 ; 6.696135e-03 ];
Tc_error_12  = [ 2.543769e+00 ; 2.091379e+00 ; 2.321923e+00 ];

%-- Image #13:
omc_13 = [ -1.964297e+00 ; -1.971669e+00 ; 1.125081e+00 ];
Tc_13  = [ -1.164764e+02 ; -7.316777e+01 ; 5.875703e+02 ];
omc_error_13 = [ 5.797201e-03 ; 3.328247e-03 ; 7.436469e-03 ];
Tc_error_13  = [ 3.252597e+00 ; 2.625583e+00 ; 2.176247e+00 ];

%-- Image #14:
omc_14 = [ 1.791311e+00 ; 1.832180e+00 ; 6.256377e-01 ];
Tc_14  = [ -2.119055e+02 ; -1.033910e+02 ; 4.909629e+02 ];
omc_error_14 = [ 4.951208e-03 ; 5.085067e-03 ; 8.663553e-03 ];
Tc_error_14  = [ 2.848716e+00 ; 2.281644e+00 ; 2.849395e+00 ];

%-- Image #15:
omc_15 = [ -1.979222e+00 ; -1.986850e+00 ; 6.251248e-01 ];
Tc_15  = [ -9.549574e+01 ; -1.072139e+02 ; 6.780032e+02 ];
omc_error_15 = [ 5.385969e-03 ; 4.477906e-03 ; 9.226800e-03 ];
Tc_error_15  = [ 3.757686e+00 ; 3.015109e+00 ; 2.776838e+00 ];

%-- Image #16:
omc_16 = [ 1.899594e+00 ; 2.103885e+00 ; -9.936940e-01 ];
Tc_16  = [ -1.518896e+02 ; -9.504160e+01 ; 5.339062e+02 ];
omc_error_16 = [ 2.688707e-03 ; 5.318955e-03 ; 8.073971e-03 ];
Tc_error_16  = [ 2.970530e+00 ; 2.412910e+00 ; 2.126389e+00 ];

%-- Image #17:
omc_17 = [ -1.880312e+00 ; -1.840115e+00 ; -1.463499e-01 ];
Tc_17  = [ -1.920356e+02 ; -1.125319e+02 ; 4.441388e+02 ];
omc_error_17 = [ 4.155388e-03 ; 4.324473e-03 ; 7.532623e-03 ];
Tc_error_17  = [ 2.488491e+00 ; 2.047927e+00 ; 2.314011e+00 ];

%-- Image #18:
omc_18 = [ -1.887992e+00 ; -1.858918e+00 ; -2.356495e-01 ];
Tc_18  = [ -1.990527e+02 ; -8.166957e+01 ; 4.435560e+02 ];
omc_error_18 = [ 4.039502e-03 ; 4.577538e-03 ; 7.599701e-03 ];
Tc_error_18  = [ 2.475124e+00 ; 2.050336e+00 ; 2.330524e+00 ];

%-- Image #19:
omc_19 = [ 2.104598e+00 ; 1.741605e+00 ; 5.303329e-01 ];
Tc_19  = [ -1.917704e+02 ; -7.884947e+01 ; 4.451508e+02 ];
omc_error_19 = [ 5.290227e-03 ; 4.532813e-03 ; 9.565242e-03 ];
Tc_error_19  = [ 2.553589e+00 ; 2.057574e+00 ; 2.567878e+00 ];

%-- Image #20:
omc_20 = [ 1.899898e+00 ; 1.529820e+00 ; 7.081283e-01 ];
Tc_20  = [ -1.627889e+02 ; -8.268692e+01 ; 4.363609e+02 ];
omc_error_20 = [ 5.052310e-03 ; 4.102930e-03 ; 7.518077e-03 ];
Tc_error_20  = [ 2.474794e+00 ; 1.992577e+00 ; 2.510357e+00 ];

%-- Image #21:
omc_21 = [ 2.250453e+00 ; 2.126340e+00 ; 1.761042e-01 ];
Tc_21  = [ -1.774284e+02 ; -9.990418e+01 ; 4.182092e+02 ];
omc_error_21 = [ 5.019814e-03 ; 5.261040e-03 ; 1.121511e-02 ];
Tc_error_21  = [ 2.379010e+00 ; 1.936825e+00 ; 2.262485e+00 ];

%-- Image #22:
omc_22 = [ 2.209711e+00 ; 2.226462e+00 ; 8.591665e-02 ];
Tc_22  = [ -1.824692e+02 ; -1.065036e+02 ; 4.238535e+02 ];
omc_error_22 = [ 4.699304e-03 ; 5.367916e-03 ; 1.096260e-02 ];
Tc_error_22  = [ 2.393622e+00 ; 1.958272e+00 ; 2.275615e+00 ];

%-- Image #23:
omc_23 = [ 2.638914e+00 ; 1.677935e+00 ; 2.029033e-01 ];
Tc_23  = [ -1.884866e+02 ; -4.375715e+01 ; 5.000695e+02 ];
omc_error_23 = [ 7.165157e-03 ; 5.065177e-03 ; 1.482237e-02 ];
Tc_error_23  = [ 2.827388e+00 ; 2.291057e+00 ; 2.695901e+00 ];

%-- Image #24:
