%YAML:1.0
M1: !!opencv-matrix
   rows: 3
   cols: 3
   dt: d
   data: [ 737.62029, 0.,        334.01283,
           0.,        737.57561, 275.16554,
           0.,        0.,        1. ]
D1: !!opencv-matrix
   rows: 1
   cols: 5
   dt: d
   data: [ 0.10647,   -0.38406,   0.00340,   -0.00454,  0. ]
M2: !!opencv-matrix
   rows: 3
   cols: 3
   dt: d
   data: [ 739.86754, 0.,        320.01829,
           0.,        740.48529, 249.74928,
           0.,        0.,        1. ]
D2: !!opencv-matrix
   rows: 1
   cols: 5
   dt: d
   data: [ 0.09195,   -0.40394,   -0.00369,   -0.00163,  0. ]
