%YAML:1.0
M1: !!opencv-matrix
   rows: 3
   cols: 3
   dt: d
   data: [ 743.58045, 0.,        325.56026,
           0.,        741.63432, 273.88423,
           0.,        0.,        1. ]
D1: !!opencv-matrix
   rows: 1
   cols: 5
   dt: d
   data: [ 0.18980,   -1.06316,   -0.00346,   -0.02195,  0. ]
M2: !!opencv-matrix
   rows: 3
   cols: 3
   dt: d
   data: [ 649.75732, 0.,        277.04468,
           0.,        648.57828, 246.35461,
           0.,        0.,        1. ]
D2: !!opencv-matrix
   rows: 1
   cols: 5
   dt: d
   data: [ 0.10623,   -0.22813,   0.00355,   -0.01122,  0. ]
